000000
000003
000007
000009
000010
000011
000012
000013
000014
000016
000017
000018
000022
000026
000029
000030
000032
000034
000036
000038
000041
000043
000044
000045
000046
000049
000051
000054
000055
000056
000057
000060
000064
000067
000068
000069
000070
000071
000072
000073
000074
000075
000079
000080
000082
000083
000084
000085
000086
000087
000088
000091
000092
000095
000096
000097
000099
000100
000101
000103
000105
000109
000110
000111
000112
000113
000114
000115
000119
000120
000121
000123
000125
000127
000129
000130
000131
000133
000136
000138
000141
000142
000144
000145
000146
000148
000149
000150
000154
000155
000157
000158
000160
000162
000163
000164
000165
000166
000171
000172
000176
000177
000178
000179
000180
000184
000185
000189
000193
000198
000200
000202
000205
000206
000208
000209
000210
000214
000215
000217
000219
000220
000221
000222
000225
000227
000228
000232
000233
000238
000240
000241
000243
000244
000245
000253
000254
000255
000256
000257
000258
000259
000261
000264
000267
000271
000274
000275
000276
000277
000280
000282
000285
000286
000287
000288
000292
000294
000295
000296
000298
000299
000300
000303
000304
000306
000310
000313
000316
000317
000318
000322
000325
000326
000330
000331
000334
000337
000338
000339
000342
000344
000348
000349
000353
000358
000363
000364
000367
000368
000371
000374
000375
000380
000384
000387
000389
000390
000400
000405
000406
000410
000411
000412
000416
000417
000418
000421
000423
000424
000425
000426
000431
000432
000433
000434
000435
000438
000439
000441
000442
000444
000445
000447
000449
000456
000458
000460
000461
000462
000464
000465
000466
000467
000470
000471
000474
000482
000483
000484
000487
000488
000490
000497
000500
000501
000502
000505
000507
000511
000513
000514
000516
000518
000520
000522
000523
000525
000526
000529
000531
000532
000534
000535
000537
000538
000539
000540
000544
000547
000549
000550
000552
000553
000556
000557
000562
000563
000565
000570
000573
000574
000575
000576
000577
000578
000579
000580
000582
000584
000585
000586
000587
000592
000593
000594
000596
000597
000598
000599
000602
000603
000605
000606
000607
000608
000609
000616
000617
000621
000622
000623
000627
000629
000631
000632
000633
000637
000638
000640
000641
000643
000646
000649
000651
000652
000653
000654
000656
000661
000662
000663
000664
000665
000666
000668
000671
000672
000673
000675
000676
000678
000680
000681
000685
000686
000687
000688
000689
000690
000693
000695
000697
000701
000703
000705
000707
000709
000710
000711
000712
000713
000714
000715
000719
000720
000723
000724
000726
000730
000732
000733
000735
000738
000739
000742
000743
000744
000747
000749
000753
000755
000757
000758
000759
000760
000762
000763
000764
000770
000775
000776
000777
000780
000781
000783
000784
000785
000786
000787
000788
000789
000791
000793
000794
000796
000797
000799
000808
000813
000814
000815
000817
000818
000820
000821
000822
000824
000825
000827
000828
000829
000830
000832
000833
000834
000835
000836
000839
000842
000845
000846
000851
000853
000855
000856
000857
000858
000860
000861
000864
000865
000866
000867
000868
000870
000871
000872
000880
000882
000883
000886
000887
000888
000890
000891
000892
000895
000896
000898
000900
000901
000902
000903
000905
000906
000908
000910
000913
000914
000918
000919
000921
000924
000925
000927
000929
000933
000934
000935
000936
000937
000941
000945
000946
000947
000950
000951
000954
000955
000957
